413
923
3967
6907
10813
12883
14520
14880
23550
38798
41828
42746
48969
49926
49981
59778
67441
71544
72133
80686
80730
83112
84384
87340
88460
89218
90481
94129
96354
96368
98274
102480
116022
116768
125106
147031
149133
150081
151485
152841
157632
158811
164381
166439
175297
178262
185119
190555
207067
217510
218918
219329
235283
247335
260351
262879
271078
273821
304486
318027
321164
330797
339156
346786
353366
359413
359923
362967
365907
369813
371883
373520
373880
382550
397798
400828
401746
407969
408926
408981
418778
426441
430544
431133
439686
439730
442112
443384
446340
447460
448218
449481
453129
455354
455368
457274
461480
475022
475768
484106
506031
508133
509081
510485
511841
516632
517811
523381
525439
534297
537262
544119
549555
566067
576510
577918
578329
594283
606335
619351
621879
630078
632821
663486
677027
680164
689797
698156
705786
712366
718413
718923
721967
724907
728813
730883
732520
732880
741550
756798
759828
760746
766969
767926
767981
777778
785441
789544
790133
798686
798730
801112
802384
805340
806460
807218
808481
812129
814354
814368
816274
820480
834022
834768
843106
865031
867133
868081
869485
870841
875632
876811
882381
884439
893297
896262
903119
908555
925067
935510
936918
937329
953283
965335
978351
980879
989078
991821
1022486
1036027
1039164
1048797
1057156
1064786
1071366
1077413
1077923
1080967
1083907
1087813
1089883
1091520
1091880
1100550
1115798
1118828
1119746
1125969
1126926
1126981
1136778
1144441
1148544
1149133
1157686
1157730
1160112
1161384
1164340
1165460
1166218
1167481
1171129
1173354
1173368
1175274
1179480
1193022
1193768
1202106
1224031
1226133
1227081
1228485
1229841
1234632
1235811
1241381
1243439
1252297
1255262
1262119
1267555
1284067
1294510
1295918
1296329
1312283
1324335
1337351
1339879
1348078
1350821
1381486
1395027
1398164
1407797
1416156
1423786
1430366
1436423
1436933
1439977
1442917
1446823
1448893
1450530
1450890
1459560
1474808
1477838
1478756
1484979
1485936
1485991
1495788
1503451
1507554
1508143
1516696
1516740
1519122
1520394
1523350
1524470
1525228
1526491
1530139
1532364
1532378
1534284
1538490
1552032
1552778
1561116
1583041
1585143
1586091
1587495
1588851
1593642
1594821
1600391
1602449
1611307
1614272
1621129
1626565
1643077
1653520
1654928
1655339
1671293
1683345
1696361
1698889
1707088
1709831
1740496
1754037
1757174
1766807
1775166
1782796
1789376
1795443
1795953
1798997
1801937
1805843
1807913
1809550
1809910
1818580
1833828
1836858
1837776
1843999
1844956
1845011
1854808
1862471
1866574
1867163
1875716
1875760
1878142
1879414
1882370
1883490
1884248
1885511
1889159
1891384
1891398
1893304
1897510
1911052
1911798
1920136
1942061
1944163
1945111
1946515
1947871
1952662
1953841
1959411
1961469
1970327
1973292
1980149
1985585
2002097
2012540
2013948
2014359
2030313
2042365
2055381
2057909
2066108
2068851
2099516
2113057
2116194
2125827
2134186
2141816
2148396
2154443
2154953
2157997
2160937
2164843
2166913
2168550
2168910
2177580
2192828
2195858
2196776
2202999
2203956
2204011
2213808
2221471
2225574
2226163
2234716
2234760
2237142
2238414
2241370
2242490
2243248
2244511
2248159
2250384
2250398
2252304
2256510
2270052
2270798
2279136
2301061
2303163
2304111
2305515
2306871
2311662
2312841
2318411
2320469
2329327
2332292
2339149
2344585
2361097
2371540
2372948
2373359
2389313
2401365
2414381
2416909
2425108
2427851
2458516
2472057
2475194
2484827
2493186
2500816
2507396
2513443
2513953
2516997
2519937
2523843
2525913
2527550
2527910
2536580
2551828
2554858
2555776
2561999
2562956
2563011
2572808
2580471
2584574
2585163
2593716
2593760
2596142
2597414
2600370
2601490
2602248
2603511
2607159
2609384
2609398
2611304
2615510
2629052
2629798
2638136
2660061
2662163
2663111
2664515
2665871
2670662
2671841
2677411
2679469
2688327
2691292
2698149
2703585
2720097
2730540
2731948
2732359
2748313
2760365
2773381
2775909
2784108
2786851
2817516
2831057
2834194
2843827
2852186
2859816
2866396
2872443
2872953
2875997
2878937
2882843
2884913
2886550
2886910
2895580
2910828
2913858
2914776
2920999
2921956
2922011
2931808
2939471
2943574
2944163
2952716
2952760
2955142
2956414
2959370
2960490
2961248
2962511
2966159
2968384
2968398
2970304
2974510
2988052
2988798
2997136
3019061
3021163
3022111
3023515
3024871
3029662
3030841
3036411
3038469
3047327
3050292
3057149
3062585
3079097
3089540
3090948
3091359
3107313
3119365
3132381
3134909
3143108
3145851
3176516
3190057
3193194
3202827
3211186
3218816
3225396
3231453
3231963
3235007
3237947
3241853
3243923
3245560
3245920
3254590
3269838
3272868
3273786
3280009
3280966
3281021
3290818
3298481
3302584
3303173
3311726
3311770
3314152
3315424
3318380
3319500
3320258
3321521
3325169
3327394
3327408
3329314
3333520
3347062
3347808
3356146
3378071
3380173
3381121
3382525
3383881
3388672
3389851
3395421
3397479
3406337
3409302
3416159
3421595
3438107
3448550
3449958
3450369
3466323
3478375
3491391
3493919
3502118
3504861
3535526
3549067
3552204
3561837
3570196
3577826
3584406
3590473
3590983
3594027
3596967
3600873
3602943
3604580
3604940
3613610
3628858
3631888
3632806
3639029
3639986
3640041
3649838
3657501
3661604
3662193
3670746
3670790
3673172
3674444
3677400
3678520
3679278
3680541
3684189
3686414
3686428
3688334
3692540
3706082
3706828
3715166
3737091
3739193
3740141
3741545
3742901
3747692
3748871
3754441
3756499
3765357
3768322
3775179
3780615
3797127
3807570
3808978
3809389
3825343
3837395
3850411
3852939
3861138
3863881
3894546
3908087
3911224
3920857
3929216
3936846
3943426
3949473
3949983
3953027
3955967
3959873
3961943
3963580
3963940
3972610
3987858
3990888
3991806
3998029
3998986
3999041
4008838
4016501
4020604
4021193
4029746
4029790
4032172
4033444
4036400
4037520
4038278
4039541
4043189
4045414
4045428
4047334
4051540
4065082
4065828
4074166
4096091
4098193
4099141
4100545
4101901
4106692
4107871
4113441
4115499
4124357
4127322
4134179
4139615
4156127
4166570
4167978
4168389
4184343
4196395
4209411
4211939
4220138
4222881
4253546
4267087
4270224
4279857
4288216
4295846
4302426
4308473
4308983
4312027
4314967
4318873
4320943
4322580
4322940
4331610
4346858
4349888
4350806
4357029
4357986
4358041
4367838
4375501
4379604
4380193
4388746
4388790
4391172
4392444
4395400
4396520
4397278
4398541
4402189
4404414
4404428
4406334
4410540
4424082
4424828
4433166
4455091
4457193
4458141
4459545
4460901
4465692
4466871
4472441
4474499
4483357
4486322
4493179
4498615
4515127
4525570
4526978
4527389
4543343
4555395
4568411
4570939
4579138
4581881
4612546
4626087
4629224
4638857
4647216
4654846
4661426
4667473
4667983
4671027
4673967
4677873
4679943
4681580
4681940
4690610
4705858
4708888
4709806
4716029
4716986
4717041
4726838
4734501
4738604
4739193
4747746
4747790
4750172
4751444
4754400
4755520
4756278
4757541
4761189
4763414
4763428
4765334
4769540
4783082
4783828
4792166
4814091
4816193
4817141
4818545
4819901
4824692
4825871
4831441
4833499
4842357
4845322
4852179
4857615
4874127
4884570
4885978
4886389
4902343
4914395
4927411
4929939
4938138
4940881
4971546
4985087
4988224
4997857
5006216
5013846
5020426
5026483
5026993
5030037
5032977
5036883
5038953
5040590
5040950
5049620
5064868
5067898
5068816
5075039
5075996
5076051
5085848
5093511
5097614
5098203
5106756
5106800
5109182
5110454
5113410
5114530
5115288
5116551
5120199
5122424
5122438
5124344
5128550
5142092
5142838
5151176
5173101
5175203
5176151
5177555
5178911
5183702
5184881
5190451
5192509
5201367
5204332
5211189
5216625
5233137
5243580
5244988
5245399
5261353
5273405
5286421
5288949
5297148
5299891
5330556
5344097
5347234
5356867
5365226
5372856
5379436
5385503
5386013
5389057
5391997
5395903
5397973
5399610
5399970
5408640
5423888
5426918
5427836
5434059
5435016
5435071
5444868
5452531
5456634
5457223
5465776
5465820
5468202
5469474
5472430
5473550
5474308
5475571
5479219
5481444
5481458
5483364
5487570
5501112
5501858
5510196
5532121
5534223
5535171
5536575
5537931
5542722
5543901
5549471
5551529
5560387
5563352
5570209
5575645
5592157
5602600
5604008
5604419
5620373
5632425
5645441
5647969
5656168
5658911
5689576
5703117
5706254
5715887
5724246
5731876
5738456
5744503
5745013
5748057
5750997
5754903
5756973
5758610
5758970
5767640
5782888
5785918
5786836
5793059
5794016
5794071
5803868
5811531
5815634
5816223
5824776
5824820
5827202
5828474
5831430
5832550
5833308
5834571
5838219
5840444
5840458
5842364
5846570
5860112
5860858
5869196
5891121
5893223
5894171
5895575
5896931
5901722
5902901
5908471
5910529
5919387
5922352
5929209
5934645
5951157
5961600
5963008
5963419
5979373
5991425
6004441
6006969
6015168
6017911
6048576
6062117
6065254
6074887
6083246
6090876
6097456
6103503
6104013
6107057
6109997
6113903
6115973
6117610
6117970
6126640
6141888
6144918
6145836
6152059
6153016
6153071
6162868
6170531
6174634
6175223
6183776
6183820
6186202
6187474
6190430
6191550
6192308
6193571
6197219
6199444
6199458
6201364
6205570
6219112
6219858
6228196
6250121
6252223
6253171
6254575
6255931
6260722
6261901
6267471
6269529
6278387
6281352
6288209
6293645
6310157
6320600
6322008
6322419
6338373
6350425
6363441
6365969
6374168
6376911
6407576
6421117
6424254
6433887
6442246
6449876
6456456
6462503
6463013
6466057
6468997
6472903
6474973
6476610
6476970
6485640
6500888
6503918
6504836
6511059
6512016
6512071
6521868
6529531
6533634
6534223
6542776
6542820
6545202
6546474
6549430
6550550
6551308
6552571
6556219
6558444
6558458
6560364
6564570
6578112
6578858
6587196
6609121
6611223
6612171
6613575
6614931
6619722
6620901
6626471
6628529
6637387
6640352
6647209
6652645
6669157
6679600
6681008
6681419
6697373
6709425
6722441
6724969
6733168
6735911
6766576
6780117
6783254
6792887
6801246
6808876
6815456
6821513
6822023
6825067
6828007
6831913
6833983
6835620
6835980
6844650
6859898
6862928
6863846
6870069
6871026
6871081
6880878
6888541
6892644
6893233
6901786
6901830
6904212
6905484
6908440
6909560
6910318
6911581
6915229
6917454
6917468
6919374
6923580
6937122
6937868
6946206
6968131
6970233
6971181
6972585
6973941
6978732
6979911
6985481
6987539
6996397
6999362
7006219
7011655
7028167
7038610
7040018
7040429
7056383
7068435
7081451
7083979
7092178
7094921
7125586
7139127
7142264
7151897
7160256
7167886
7174466
7180533
7181043
7184087
7187027
7190933
7193003
7194640
7195000
7203670
7218918
7221948
7222866
7229089
7230046
7230101
7239898
7247561
7251664
7252253
7260806
7260850
7263232
7264504
7267460
7268580
7269338
7270601
7274249
7276474
7276488
7278394
7282600
7296142
7296888
7305226
7327151
7329253
7330201
7331605
7332961
7337752
7338931
7344501
7346559
7355417
7358382
7365239
7370675
7387187
7397630
7399038
7399449
7415403
7427455
7440471
7442999
7451198
7453941
7484606
7498147
7501284
7510917
7519276
7526906
7533486
7539533
7540043
7543087
7546027
7549933
7552003
7553640
7554000
7562670
7577918
7580948
7581866
7588089
7589046
7589101
7598898
7606561
7610664
7611253
7619806
7619850
7622232
7623504
7626460
7627580
7628338
7629601
7633249
7635474
7635488
7637394
7641600
7655142
7655888
7664226
7686151
7688253
7689201
7690605
7691961
7696752
7697931
7703501
7705559
7714417
7717382
7724239
7729675
7746187
7756630
7758038
7758449
7774403
7786455
7799471
7801999
7810198
7812941
7843606
7857147
7860284
7869917
7878276
7885906
7892486
7898533
7899043
7902087
7905027
7908933
7911003
7912640
7913000
7921670
7936918
7939948
7940866
7947089
7948046
7948101
7957898
7965561
7969664
7970253
7978806
7978850
7981232
7982504
7985460
7986580
7987338
7988601
7992249
7994474
7994488
7996394
8000600
8014142
8014888
8023226
8045151
8047253
8048201
8049605
8050961
8055752
8056931
8062501
8064559
8073417
8076382
8083239
8088675
8105187
8115630
8117038
8117449
8133403
8145455
8158471
8160999
8169198
8171941
8202606
8216147
8219284
8228917
8237276
8244906
8251486
8257533
8258043
8261087
8264027
8267933
8270003
8271640
8272000
8280670
8295918
8298948
8299866
8306089
8307046
8307101
8316898
8324561
8328664
8329253
8337806
8337850
8340232
8341504
8344460
8345580
8346338
8347601
8351249
8353474
8353488
8355394
8359600
8373142
8373888
8382226
8404151
8406253
8407201
8408605
8409961
8414752
8415931
8421501
8423559
8432417
8435382
8442239
8447675
8464187
8474630
8476038
8476449
8492403
8504455
8517471
8519999
8528198
8530941
8561606
8575147
8578284
8587917
8596276
8603906
8610486
8616543
8617053
8620097
8623037
8626943
8629013
8630650
8631010
8639680
8654928
8657958
8658876
8665099
8666056
8666111
8675908
8683571
8687674
8688263
8696816
8696860
8699242
8700514
8703470
8704590
8705348
8706611
8710259
8712484
8712498
8714404
8718610
8732152
8732898
8741236
8763161
8765263
8766211
8767615
8768971
8773762
8774941
8780511
8782569
8791427
8794392
8801249
8806685
8823197
8833640
8835048
8835459
8851413
8863465
8876481
8879009
8887208
8889951
8920616
8934157
8937294
8946927
8955286
8962916
8969496
8975563
8976073
8979117
8982057
8985963
8988033
8989670
8990030
8998700
9013948
9016978
9017896
9024119
9025076
9025131
9034928
9042591
9046694
9047283
9055836
9055880
9058262
9059534
9062490
9063610
9064368
9065631
9069279
9071504
9071518
9073424
9077630
9091172
9091918
9100256
9122181
9124283
9125231
9126635
9127991
9132782
9133961
9139531
9141589
9150447
9153412
9160269
9165705
9182217
9192660
9194068
9194479
9210433
9222485
9235501
9238029
9246228
9248971
9279636
9293177
9296314
9305947
9314306
9321936
9328516
9334563
9335073
9338117
9341057
9344963
9347033
9348670
9349030
9357700
9372948
9375978
9376896
9383119
9384076
9384131
9393928
9401591
9405694
9406283
9414836
9414880
9417262
9418534
9421490
9422610
9423368
9424631
9428279
9430504
9430518
9432424
9436630
9450172
9450918
9459256
9481181
9483283
9484231
9485635
9486991
9491782
9492961
9498531
9500589
9509447
9512412
9519269
9524705
9541217
9551660
9553068
9553479
9569433
9581485
9594501
9597029
9605228
9607971
9638636
9652177
9655314
9664947
9673306
9680936
9687516
9693563
9694073
9697117
9700057
9703963
9706033
9707670
9708030
9716700
9731948
9734978
9735896
9742119
9743076
9743131
9752928
9760591
9764694
9765283
9773836
9773880
9776262
9777534
9780490
9781610
9782368
9783631
9787279
9789504
9789518
9791424
9795630
9809172
9809918
9818256
9840181
9842283
9843231
9844635
9845991
9850782
9851961
9857531
9859589
9868447
9871412
9878269
9883705
9900217
9910660
9912068
9912479
9928433
9940485
9953501
9956029
9964228
9966971
9997636
10011177
10014314
10023947
10032306
10039936
10046516
10052563
10053073
10056117
10059057
10062963
10065033
10066670
10067030
10075700
10090948
10093978
10094896
10101119
10102076
10102131
10111928
10119591
10123694
10124283
10132836
10132880
10135262
10136534
10139490
10140610
10141368
10142631
10146279
10148504
10148518
10150424
10154630
10168172
10168918
10177256
10199181
10201283
10202231
10203635
10204991
10209782
10210961
10216531
10218589
10227447
10230412
10237269
10242705
10259217
10269660
10271068
10271479
10287433
10299485
10312501
10315029
10323228
10325971
10356636
10370177
10373314
10382947
10391306
10398936
10405516
10411573
10412083
10415127
10418067
10421973
10424043
10425680
10426040
10434710
10449958
10452988
10453906
10460129
10461086
10461141
10470938
10478601
10482704
10483293
10491846
10491890
10494272
10495544
10498500
10499620
10500378
10501641
10505289
10507514
10507528
10509434
10513640
10527182
10527928
10536266
10558191
10560293
10561241
10562645
10564001
10568792
10569971
10575541
10577599
10586457
10589422
10596279
10601715
10618227
10628670
10630078
10630489
10646443
10658495
10671511
10674039
10682238
10684981
10715646
10729187
10732324
10741957
10750316
10757946
10764526
10770593
10771103
10774147
10777087
10780993
10783063
10784700
10785060
10793730
10808978
10812008
10812926
10819149
10820106
10820161
10829958
10837621
10841724
10842313
10850866
10850910
10853292
10854564
10857520
10858640
10859398
10860661
10864309
10866534
10866548
10868454
10872660
10886202
10886948
10895286
10917211
10919313
10920261
10921665
10923021
10927812
10928991
10934561
10936619
10945477
10948442
10955299
10960735
10977247
10987690
10989098
10989509
11005463
11017515
11030531
11033059
11041258
11044001
11074666
11088207
11091344
11100977
11109336
11116966
11123546
11129593
11130103
11133147
11136087
11139993
11142063
11143700
11144060
11152730
11167978
11171008
11171926
11178149
11179106
11179161
11188958
11196621
11200724
11201313
11209866
11209910
11212292
11213564
11216520
11217640
11218398
11219661
11223309
11225534
11225548
11227454
11231660
11245202
11245948
11254286
11276211
11278313
11279261
11280665
11282021
11286812
11287991
11293561
11295619
11304477
11307442
11314299
11319735
11336247
11346690
11348098
11348509
11364463
11376515
11389531
11392059
11400258
11403001
11433666
11447207
11450344
11459977
11468336
11475966
11482546
11488593
11489103
11492147
11495087
11498993
11501063
11502700
11503060
11511730
11526978
11530008
11530926
11537149
11538106
11538161
11547958
11555621
11559724
11560313
11568866
11568910
11571292
11572564
11575520
11576640
11577398
11578661
11582309
11584534
11584548
11586454
11590660
11604202
11604948
11613286
11635211
11637313
11638261
11639665
11641021
11645812
11646991
11652561
11654619
11663477
11666442
11673299
11678735
11695247
11705690
11707098
11707509
11723463
11735515
11748531
11751059
11759258
11762001
11792666
11806207
11809344
11818977
11827336
11834966
11841546
11847593
11848103
11851147
11854087
11857993
11860063
11861700
11862060
11870730
11885978
11889008
11889926
11896149
11897106
11897161
11906958
11914621
11918724
11919313
11927866
11927910
11930292
11931564
11934520
11935640
11936398
11937661
11941309
11943534
11943548
11945454
11949660
11963202
11963948
11972286
11994211
11996313
11997261
11998665
12000021
12004812
12005991
12011561
12013619
12022477
12025442
12032299
12037735
12054247
12064690
12066098
12066509
12082463
12094515
12107531
12110059
12118258
12121001
12151666
12165207
12168344
12177977
12186336
12193966
12200546
12206603
12207113
12210157
12213097
12217003
12219073
12220710
12221070
12229740
12244988
12248018
12248936
12255159
12256116
12256171
12265968
12273631
12277734
12278323
12286876
12286920
12289302
12290574
12293530
12294650
12295408
12296671
12300319
12302544
12302558
12304464
12308670
12322212
12322958
12331296
12353221
12355323
12356271
12357675
12359031
12363822
12365001
12370571
12372629
12381487
12384452
12391309
12396745
12413257
12423700
12425108
12425519
12441473
12453525
12466541
12469069
12477268
12480011
12510676
12524217
12527354
12536987
12545346
12552976
12559556
12565623
12566133
12569177
12572117
12576023
12578093
12579730
12580090
12588760
12604008
12607038
12607956
12614179
12615136
12615191
12624988
12632651
12636754
12637343
12645896
12645940
12648322
12649594
12652550
12653670
12654428
12655691
12659339
12661564
12661578
12663484
12667690
12681232
12681978
12690316
12712241
12714343
12715291
12716695
12718051
12722842
12724021
12729591
12731649
12740507
12743472
12750329
12755765
12772277
12782720
12784128
12784539
12800493
12812545
12825561
12828089
12836288
12839031
12869696
12883237
12886374
12896007
12904366
12911996
12918576
12924623
12925133
12928177
12931117
12935023
12937093
12938730
12939090
12947760
12963008
12966038
12966956
12973179
12974136
12974191
12983988
12991651
12995754
12996343
13004896
13004940
13007322
13008594
13011550
13012670
13013428
13014691
13018339
13020564
13020578
13022484
13026690
13040232
13040978
13049316
13071241
13073343
13074291
13075695
13077051
13081842
13083021
13088591
13090649
13099507
13102472
13109329
13114765
13131277
13141720
13143128
13143539
13159493
13171545
13184561
13187089
13195288
13198031
13228696
13242237
13245374
13255007
13263366
13270996
13277576
13283623
13284133
13287177
13290117
13294023
13296093
13297730
13298090
13306760
13322008
13325038
13325956
13332179
13333136
13333191
13342988
13350651
13354754
13355343
13363896
13363940
13366322
13367594
13370550
13371670
13372428
13373691
13377339
13379564
13379578
13381484
13385690
13399232
13399978
13408316
13430241
13432343
13433291
13434695
13436051
13440842
13442021
13447591
13449649
13458507
13461472
13468329
13473765
13490277
13500720
13502128
13502539
13518493
13530545
13543561
13546089
13554288
13557031
13587696
13601237
13604374
13614007
13622366
13629996
13636576
13642623
13643133
13646177
13649117
13653023
13655093
13656730
13657090
13665760
13681008
13684038
13684956
13691179
13692136
13692191
13701988
13709651
13713754
13714343
13722896
13722940
13725322
13726594
13729550
13730670
13731428
13732691
13736339
13738564
13738578
13740484
13744690
13758232
13758978
13767316
13789241
13791343
13792291
13793695
13795051
13799842
13801021
13806591
13808649
13817507
13820472
13827329
13832765
13849277
13859720
13861128
13861539
13877493
13889545
13902561
13905089
13913288
13916031
13946696
13960237
13963374
13973007
13981366
13988996
13995576
14001633
14002143
14005187
14008127
14012033
14014103
14015740
14016100
14024770
14040018
14043048
14043966
14050189
14051146
14051201
14060998
14068661
14072764
14073353
14081906
14081950
14084332
14085604
14088560
14089680
14090438
14091701
14095349
14097574
14097588
14099494
14103700
14117242
14117988
14126326
14148251
14150353
14151301
14152705
14154061
14158852
14160031
14165601
14167659
14176517
14179482
14186339
14191775
14208287
14218730
14220138
14220549
14236503
14248555
14261571
14264099
14272298
14275041
14305706
14319247
14322384
14332017
14340376
14348006
14354586
14360653
14361163
14364207
14367147
14371053
14373123
14374760
14375120
14383790
14399038
14402068
14402986
14409209
14410166
14410221
14420018
14427681
14431784
14432373
14440926
14440970
14443352
14444624
14447580
14448700
14449458
14450721
14454369
14456594
14456608
14458514
14462720
14476262
14477008
14485346
14507271
14509373
14510321
14511725
14513081
14517872
14519051
14524621
14526679
14535537
14538502
14545359
14550795
14567307
14577750
14579158
14579569
14595523
14607575
14620591
14623119
14631318
14634061
14664726
14678267
14681404
14691037
14699396
14707026
14713606
14719653
14720163
14723207
14726147
14730053
14732123
14733760
14734120
14742790
14758038
14761068
14761986
14768209
14769166
14769221
14779018
14786681
14790784
14791373
14799926
14799970
14802352
14803624
14806580
14807700
14808458
14809721
14813369
14815594
14815608
14817514
14821720
14835262
14836008
14844346
14866271
14868373
14869321
14870725
14872081
14876872
14878051
14883621
14885679
14894537
14897502
14904359
14909795
14926307
14936750
14938158
14938569
14954523
14966575
14979591
14982119
14990318
14993061
15023726
15037267
15040404
15050037
15058396
15066026
15072606
15078653
15079163
15082207
15085147
15089053
15091123
15092760
15093120
15101790
15117038
15120068
15120986
15127209
15128166
15128221
15138018
15145681
15149784
15150373
15158926
15158970
15161352
15162624
15165580
15166700
15167458
15168721
15172369
15174594
15174608
15176514
15180720
15194262
15195008
15203346
15225271
15227373
15228321
15229725
15231081
15235872
15237051
15242621
15244679
15253537
15256502
15263359
15268795
15285307
15295750
15297158
15297569
15313523
15325575
15338591
15341119
15349318
15352061
15382726
15396267
15399404
15409037
15417396
15425026
15431606
15437653
15438163
15441207
15444147
15448053
15450123
15451760
15452120
15460790
15476038
15479068
15479986
15486209
15487166
15487221
15497018
15504681
15508784
15509373
15517926
15517970
15520352
15521624
15524580
15525700
15526458
15527721
15531369
15533594
15533608
15535514
15539720
15553262
15554008
15562346
15584271
15586373
15587321
15588725
15590081
15594872
15596051
15601621
15603679
15612537
15615502
15622359
15627795
15644307
15654750
15656158
15656569
15672523
15684575
15697591
15700119
15708318
15711061
15741726
15755267
15758404
15768037
15776396
15784026
15790606
15796663
15797173
15800217
15803157
15807063
15809133
15810770
15811130
15819800
15835048
15838078
15838996
15845219
15846176
15846231
15856028
15863691
15867794
15868383
15876936
15876980
15879362
15880634
15883590
15884710
15885468
15886731
15890379
15892604
15892618
15894524
15898730
15912272
15913018
15921356
15943281
15945383
15946331
15947735
15949091
15953882
15955061
15960631
15962689
15971547
15974512
15981369
15986805
16003317
16013760
16015168
16015579
16031533
16043585
16056601
16059129
16067328
16070071
16100736
16114277
16117414
16127047
16135406
16143036
16149616
16155683
16156193
16159237
16162177
16166083
16168153
16169790
16170150
16178820
16194068
16197098
16198016
16204239
16205196
16205251
16215048
16222711
16226814
16227403
16235956
16236000
16238382
16239654
16242610
16243730
16244488
16245751
16249399
16251624
16251638
16253544
16257750
16271292
16272038
16280376
16302301
16304403
16305351
16306755
16308111
16312902
16314081
16319651
16321709
16330567
16333532
16340389
16345825
16362337
16372780
16374188
16374599
16390553
16402605
16415621
16418149
16426348
16429091
16459756
16473297
16476434
16486067
16494426
16502056
16508636
16514683
16515193
16518237
16521177
16525083
16527153
16528790
16529150
16537820
16553068
16556098
16557016
16563239
16564196
16564251
16574048
16581711
16585814
16586403
16594956
16595000
16597382
16598654
16601610
16602730
16603488
16604751
16608399
16610624
16610638
16612544
16616750
16630292
16631038
16639376
16661301
16663403
16664351
16665755
16667111
16671902
16673081
16678651
16680709
16689567
16692532
16699389
16704825
16721337
16731780
16733188
16733599
16749553
16761605
16774621
16777149
16785348
16788091
16818756
16832297
16835434
16845067
16853426
16861056
16867636
16873683
16874193
16877237
16880177
16884083
16886153
16887790
16888150
16896820
16912068
16915098
16916016
16922239
16923196
16923251
16933048
16940711
16944814
16945403
16953956
16954000
16956382
16957654
16960610
16961730
16962488
16963751
16967399
16969624
16969638
16971544
16975750
16989292
16990038
16998376
17020301
17022403
17023351
17024755
17026111
17030902
17032081
17037651
17039709
17048567
17051532
17058389
17063825
17080337
17090780
17092188
17092599
17108553
17120605
17133621
17136149
17144348
17147091
17177756
17191297
17194434
17204067
17212426
17220056
17226636
17232683
17233193
17236237
17239177
17243083
17245153
17246790
17247150
17255820
17271068
17274098
17275016
17281239
17282196
17282251
17292048
17299711
17303814
17304403
17312956
17313000
17315382
17316654
17319610
17320730
17321488
17322751
17326399
17328624
17328638
17330544
17334750
17348292
17349038
17357376
17379301
17381403
17382351
17383755
17385111
17389902
17391081
17396651
17398709
17407567
17410532
17417389
17422825
17439337
17449780
17451188
17451599
17467553
17479605
17492621
17495149
17503348
17506091
17536756
17550297
17553434
17563067
17571426
17579056
17585636
17591693
17592203
17595247
17598187
17602093
17604163
17605800
17606160
17614830
17630078
17633108
17634026
17640249
17641206
17641261
17651058
17658721
17662824
17663413
17671966
17672010
17674392
17675664
17678620
17679740
17680498
17681761
17685409
17687634
17687648
17689554
17693760
17707302
17708048
17716386
17738311
17740413
17741361
17742765
17744121
17748912
17750091
17755661
17757719
17766577
17769542
17776399
17781835
17798347
17808790
17810198
17810609
17826563
17838615
17851631
17854159
17862358
17865101
17895766
17909307
17912444
17922077
17930436
17938066
17944646
17950713
17951223
17954267
17957207
17961113
17963183
17964820
17965180
17973850
17989098
17992128
17993046
17999269
18000226
18000281
18010078
18017741
18021844
18022433
18030986
18031030
18033412
18034684
18037640
18038760
18039518
18040781
18044429
18046654
18046668
18048574
18052780
18066322
18067068
18075406
18097331
18099433
18100381
18101785
18103141
18107932
18109111
18114681
18116739
18125597
18128562
18135419
18140855
18157367
18167810
18169218
18169629
18185583
18197635
18210651
18213179
18221378
18224121
18254786
18268327
18271464
18281097
18289456
18297086
18303666
18309713
18310223
18313267
18316207
18320113
18322183
18323820
18324180
18332850
18348098
18351128
18352046
18358269
18359226
18359281
18369078
18376741
18380844
18381433
18389986
18390030
18392412
18393684
18396640
18397760
18398518
18399781
18403429
18405654
18405668
18407574
18411780
18425322
18426068
18434406
18456331
18458433
18459381
18460785
18462141
18466932
18468111
18473681
18475739
18484597
18487562
18494419
18499855
18516367
18526810
18528218
18528629
18544583
18556635
18569651
18572179
18580378
18583121
18613786
18627327
18630464
18640097
18648456
18656086
18662666
18668713
18669223
18672267
18675207
18679113
18681183
18682820
18683180
18691850
18707098
18710128
18711046
18717269
18718226
18718281
18728078
18735741
18739844
18740433
18748986
18749030
18751412
18752684
18755640
18756760
18757518
18758781
18762429
18764654
18764668
18766574
18770780
18784322
18785068
18793406
18815331
18817433
18818381
18819785
18821141
18825932
18827111
18832681
18834739
18843597
18846562
18853419
18858855
18875367
18885810
18887218
18887629
18903583
18915635
18928651
18931179
18939378
18942121
18972786
18986327
18989464
18999097
19007456
19015086
19021666
19027713
19028223
19031267
19034207
19038113
19040183
19041820
19042180
19050850
19066098
19069128
19070046
19076269
19077226
19077281
19087078
19094741
19098844
19099433
19107986
19108030
19110412
19111684
19114640
19115760
19116518
19117781
19121429
19123654
19123668
19125574
19129780
19143322
19144068
19152406
19174331
19176433
19177381
19178785
19180141
19184932
19186111
19191681
19193739
19202597
19205562
19212419
19217855
19234367
19244810
19246218
19246629
19262583
19274635
19287651
19290179
19298378
19301121
19331786
19345327
19348464
19358097
19366456
19374086
19380666
19386723
19387233
19390277
19393217
19397123
19399193
19400830
19401190
19409860
19425108
19428138
19429056
19435279
19436236
19436291
19446088
19453751
19457854
19458443
19466996
19467040
19469422
19470694
19473650
19474770
19475528
19476791
19480439
19482664
19482678
19484584
19488790
19502332
19503078
19511416
19533341
19535443
19536391
19537795
19539151
19543942
19545121
19550691
19552749
19561607
19564572
19571429
19576865
19593377
19603820
19605228
19605639
19621593
19633645
19646661
19649189
19657388
19660131
19690796
19704337
19707474
19717107
19725466
19733096
19739676
19745743
19746253
19749297
19752237
19756143
19758213
19759850
19760210
19768880
19784128
19787158
19788076
19794299
19795256
19795311
19805108
19812771
19816874
19817463
19826016
19826060
19828442
19829714
19832670
19833790
19834548
19835811
19839459
19841684
19841698
19843604
19847810
19861352
19862098
19870436
19892361
19894463
19895411
19896815
19898171
19902962
19904141
19909711
19911769
19920627
19923592
19930449
19935885
19952397
19962840
19964248
19964659
19980613
19992665
20005681
20008209
20016408
20019151
20049816
20063357
20066494
20076127
20084486
20092116
20098696
20104743
20105253
20108297
20111237
20115143
20117213
20118850
20119210
20127880
20143128
20146158
20147076
20153299
20154256
20154311
20164108
20171771
20175874
20176463
20185016
20185060
20187442
20188714
20191670
20192790
20193548
20194811
20198459
20200684
20200698
20202604
20206810
20220352
20221098
20229436
20251361
20253463
20254411
20255815
20257171
20261962
20263141
20268711
20270769
20279627
20282592
20289449
20294885
20311397
20321840
20323248
20323659
20339613
20351665
20364681
20367209
20375408
20378151